INSERT INTO public.halls(name) VALUES ('Зал 1'), ('Зал 2');

INSERT INTO public.performances(name, genre, age, content) VALUES 
	('Вишневый сад', 'Трагедия', '14', 'Спектакль "Вишневый сад"'),
	('Мертвые души', 'Комедия', '16', 'Спектакль "Мертвые души"'),
	('Горе от ума', 'Трагедия', '12', 'Спектакль "Горе от ума"'),
	('Ревизор', 'Комедия', '14', 'Спектакль "Ревизор"'),
	('Бедная Лиза', 'Трагедия', '18', 'Спектакль "Бедная Лиза"');

INSERT INTO public.seats_types(name) VALUES 
	('Центральный партер (дальние ряды)'), 
	('Центральный партер (ближние ряды)'), 
	('Левая часть'), 
	('Правая часть'), 
	('Балкон');


INSERT INTO public.seats(hall, seat_type, seat_number) VALUES 
    (1, 37, 1),
    (1, 37, 2),
    (1, 37, 3),
    (1, 37, 4),
    (1, 37, 5),
    (1, 37, 6),
    (1, 37, 7),
    (1, 37, 8),
    (1, 37, 9),
    (1, 37, 10),
    (1, 37, 11),
    (1, 37, 12),
    (1, 37, 13),
    (1, 37, 14),
    (1, 37, 15),
    (1, 37, 16),
    (1, 37, 17),
    (1, 37, 18),
    (1, 37, 19),
    (1, 37, 20),
    (1, 37, 21),
    (1, 37, 22),
    (1, 37, 23),
    (1, 37, 24),
    (1, 37, 25),
    (1, 37, 26),
    (1, 37, 27),
    (1, 37, 28),
    (1, 37, 29),
    (1, 37, 30),
    (1, 37, 31),
    (1, 37, 32),
    (1, 37, 33),
    (1, 37, 34),
    (1, 37, 35),
    (1, 37, 36),
    (1, 37, 37),
    (1, 37, 38),
    (1, 37, 39),
    (1, 37, 40),
    (1, 35, 41),
    (1, 35, 42),
    (1, 35, 43),
    (1, 35, 44),
    (1, 35, 45),
    (1, 35, 46),
    (1, 35, 47),
    (1, 35, 48),
    (1, 35, 49),
    (1, 35, 50),
    (1, 35, 51),
    (1, 35, 52),
    (1, 35, 53),
    (1, 35, 54),
    (1, 35, 55),
    (1, 35, 56),
    (1, 35, 57),
    (1, 35, 58),
    (1, 35, 59),
    (1, 35, 60),
    (1, 35, 61),
    (1, 35, 62),
    (1, 35, 63),
    (1, 35, 64),
    (1, 35, 65),
    (1, 35, 66),
    (1, 35, 67),
    (1, 35, 68),
    (1, 35, 69),
    (1, 35, 70),
    (1, 35, 71),
    (1, 35, 72),
    (1, 35, 73),
    (1, 35, 74),
    (1, 35, 75),
    (1, 35, 76),
    (1, 35, 77),
    (1, 35, 78),
    (1, 35, 79),
    (1, 35, 80),
    (1, 35, 81),
    (1, 35, 82),
    (1, 35, 83),
    (1, 35, 84),
    (1, 35, 85),
    (1, 35, 86),
    (1, 35, 87),
    (1, 35, 88),
    (1, 35, 89),
    (1, 35, 90),
    (1, 34, 91),
    (1, 34, 92),
    (1, 34, 93),
    (1, 34, 94),
    (1, 34, 95),
    (1, 34, 96),
    (1, 34, 97),
    (1, 34, 98),
    (1, 34, 99),
    (1, 34, 100),
    (1, 34, 101),
    (1, 34, 102),
    (1, 34, 103),
    (1, 34, 104),
    (1, 34, 105),
    (1, 34, 106),
    (1, 34, 107),
    (1, 34, 108),
    (1, 34, 109),
    (1, 34, 110),
    (1, 34, 111),
    (1, 34, 112),
    (1, 34, 113),
    (1, 34, 114),
    (1, 34, 115),
    (1, 34, 116),
    (1, 34, 117),
    (1, 34, 118),
    (1, 34, 119),
    (1, 34, 120),
    (1, 34, 121),
    (1, 34, 122),
    (1, 34, 123),
    (1, 34, 124),
    (1, 34, 125),
    (1, 34, 126),
    (1, 34, 127),
    (1, 34, 128),
    (1, 34, 129),
    (1, 34, 130),
    (1, 34, 131),
    (1, 34, 132),
    (1, 34, 133),
    (1, 34, 134),
    (1, 34, 135),
    (1, 34, 136),
    (1, 34, 137),
    (1, 34, 138),
    (1, 34, 139),
    (1, 34, 140),
    (1, 34, 141),
    (1, 34, 142),
    (1, 34, 143),
    (1, 34, 144),
    (1, 34, 145),
    (1, 34, 146),
    (1, 34, 147),
    (1, 34, 148),
    (1, 34, 149),
    (1, 34, 150),
    (1, 34, 151),
    (1, 34, 152),
    (1, 34, 153),
    (1, 34, 154),
    (1, 34, 155),
    (1, 34, 156),
    (1, 34, 157),
    (1, 34, 158),
    (1, 34, 159),
    (1, 34, 160),
    (1, 36, 161),
    (1, 36, 162),
    (1, 36, 163),
    (1, 36, 164),
    (1, 36, 165),
    (1, 36, 166),
    (1, 36, 167),
    (1, 36, 168),
    (1, 36, 169),
    (1, 36, 170),
    (1, 36, 171),
    (1, 36, 172),
    (1, 36, 173),
    (1, 36, 174),
    (1, 36, 175),
    (1, 36, 176),
    (1, 36, 177),
    (1, 36, 178),
    (1, 36, 179),
    (1, 36, 180),
    (1, 36, 181),
    (1, 36, 182),
    (1, 36, 183),
    (1, 36, 184),
    (1, 36, 185),
    (1, 36, 186),
    (1, 36, 187),
    (1, 36, 188),
    (1, 36, 189),
    (1, 36, 190),
    (1, 36, 191),
    (1, 36, 192),
    (1, 36, 193),
    (1, 36, 194),
    (1, 36, 195),
    (1, 36, 196),
    (1, 36, 197),
    (1, 36, 198),
    (1, 36, 199),
    (1, 36, 200),
    (1, 38, 201),
    (1, 38, 202),
    (1, 38, 203),
    (1, 38, 204),
    (1, 38, 205),
    (1, 38, 206),
    (1, 38, 207),
    (1, 38, 208),
    (1, 38, 209),
    (1, 38, 210),
    (1, 38, 211),
    (1, 38, 212),
    (1, 38, 213),
    (1, 38, 214),
    (1, 38, 215),
    (1, 38, 216),
    (1, 38, 217),
    (1, 38, 218),
    (1, 38, 219),
    (1, 38, 220),
    (1, 38, 221),
    (1, 38, 222),
    (1, 38, 223),
    (1, 38, 224),
    (1, 38, 225),
    (1, 38, 226),
    (1, 38, 227),
    (1, 38, 228),
    (1, 38, 229),
    (1, 38, 230),
    (1, 38, 231),
    (1, 38, 232),
    (1, 38, 233),
    (1, 38, 234),
    (1, 38, 235),
    (1, 38, 236),
    (1, 38, 237),
    (1, 38, 238),
    (1, 38, 239),
    (1, 38, 240),
    (1, 38, 241),
    (1, 38, 242),
    (1, 38, 243),
    (1, 38, 244),
    (1, 38, 245),
    (1, 38, 246),
    (1, 38, 247),
    (1, 38, 248),
    (1, 38, 249),
    (1, 38, 250),
    (2, 37, 1),
    (2, 37, 2),
    (2, 37, 3),
    (2, 37, 4),
    (2, 37, 5),
    (2, 37, 6),
    (2, 37, 7),
    (2, 37, 8),
    (2, 37, 9),
    (2, 37, 10),
    (2, 37, 11),
    (2, 37, 12),
    (2, 37, 13),
    (2, 37, 14),
    (2, 37, 15),
    (2, 37, 16),
    (2, 37, 17),
    (2, 37, 18),
    (2, 37, 19),
    (2, 37, 20),
    (2, 37, 21),
    (2, 37, 22),
    (2, 37, 23),
    (2, 37, 24),
    (2, 37, 25),
    (2, 37, 26),
    (2, 37, 27),

    (2, 37, 28),
    (2, 37, 29),
    (2, 37, 30),
    (2, 37, 31),
    (2, 37, 32),
    (2, 37, 33),
    (2, 37, 34),
    (2, 37, 35),
    (2, 37, 36),
    (2, 37, 37),
    (2, 37, 38),
    (2, 37, 39),
    (2, 37, 40),
    (2, 37, 41),
    (2, 37, 42),
    (2, 37, 43),
    (2, 37, 44),
    (2, 37, 45),
    (2, 37, 46),
    (2, 37, 47),
    (2, 37, 48),
    (2, 37, 49),
    (2, 37, 50),
    (2, 37, 51),
    (2, 37, 52),
    (2, 37, 53),
    (2, 37, 54),
    (2, 37, 55),
    (2, 37, 56),
    (2, 37, 57),
    (2, 37, 58),
    (2, 37, 59),
    (2, 37, 60),
    (2, 35, 61),
    (2, 35, 62),
    (2, 35, 63),
    (2, 35, 64),
    (2, 35, 65),
    (2, 35, 66),
    (2, 35, 67),
    (2, 35, 68),
    (2, 35, 69),
    (2, 35, 70),
    (2, 35, 71),
    (2, 35, 72),
    (2, 35, 73),
    (2, 35, 74),
    (2, 35, 75),
    (2, 35, 76),
    (2, 35, 77),
    (2, 35, 78),
    (2, 35, 79),
    (2, 35, 80),
    (2, 35, 81),
    (2, 35, 82),
    (2, 35, 83),
    (2, 35, 84),
    (2, 35, 85),
    (2, 35, 86),
    (2, 35, 87),
    (2, 35, 88),
    (2, 35, 89),
    (2, 35, 90),
    (2, 35, 91),
    (2, 35, 92),
    (2, 35, 93),
    (2, 35, 94),
    (2, 35, 95),
    (2, 35, 96),
    (2, 35, 97),
    (2, 35, 98),
    (2, 35, 99),
    (2, 35, 100),
    (2, 35, 101),
    (2, 35, 102),
    (2, 35, 103),
    (2, 35, 104),
    (2, 35, 105),
    (2, 35, 106),
    (2, 35, 107),
    (2, 35, 108),
    (2, 35, 109),
    (2, 35, 110),
    (2, 35, 111),
    (2, 35, 112),
    (2, 35, 113),
    (2, 35, 114),
    (2, 35, 115),
    (2, 35, 116),
    (2, 35, 117),
    (2, 35, 118),
    (2, 35, 119),
    (2, 35, 120),
    (2, 35, 121),
    (2, 35, 122),
    (2, 35, 123),
    (2, 35, 124),
    (2, 35, 125),
    (2, 35, 126),
    (2, 35, 127),
    (2, 35, 128),
    (2, 35, 129),
    (2, 35, 130),
    (2, 35, 131),
    (2, 35, 132),
    (2, 35, 133),
    (2, 35, 134),
    (2, 35, 135),
    (2, 35, 136),
    (2, 35, 137),
    (2, 35, 138),
    (2, 35, 139),
    (2, 35, 140),
    (2, 34, 141),
    (2, 34, 142),
    (2, 34, 143),
    (2, 34, 144),
    (2, 34, 145),
    (2, 34, 146),
    (2, 34, 147),
    (2, 34, 148),
    (2, 34, 149),
    (2, 34, 150),
    (2, 34, 151),
    (2, 34, 152),
    (2, 34, 153),
    (2, 34, 154),
    (2, 34, 155),
    (2, 34, 156),
    (2, 34, 157),
    (2, 34, 158),
    (2, 34, 159),
    (2, 34, 160),
    (2, 34, 161),
    (2, 34, 162),
    (2, 34, 163),
    (2, 34, 164),
    (2, 34, 165),
    (2, 34, 166),
    (2, 34, 167),
    (2, 34, 168),
    (2, 34, 169),
    (2, 34, 170),
    (2, 34, 171),
    (2, 34, 172),
    (2, 34, 173),
    (2, 34, 174),
    (2, 34, 175),
    (2, 34, 176),
    (2, 34, 177),
    (2, 34, 178),
    (2, 34, 179),
    (2, 34, 180),
    (2, 34, 181),
    (2, 34, 182),
    (2, 34, 183),
    (2, 34, 184),
    (2, 34, 185),
    (2, 34, 186),
    (2, 34, 187),
    (2, 34, 188),
    (2, 34, 189),
    (2, 34, 190),
    (2, 34, 191),
    (2, 34, 192),
    (2, 34, 193),
    (2, 34, 194),
    (2, 34, 195),
    (2, 34, 196),
    (2, 34, 197),
    (2, 34, 198),
    (2, 34, 199),
    (2, 34, 200),
    (2, 34, 201),
    (2, 34, 202),
    (2, 34, 203),
    (2, 34, 204),
    (2, 34, 205),
    (2, 34, 206),
    (2, 34, 207),
    (2, 34, 208),
    (2, 34, 209),
    (2, 34, 210),
    (2, 34, 211),
    (2, 34, 212),
    (2, 34, 213),
    (2, 34, 214),
    (2, 34, 215),
    (2, 34, 216),
    (2, 34, 217),
    (2, 34, 218),
    (2, 34, 219),
    (2, 34, 220),
    (2, 34, 221),
    (2, 34, 222),
    (2, 34, 223),
    (2, 34, 224),
    (2, 34, 225),
    (2, 34, 226),
    (2, 34, 227),
    (2, 34, 228),
    (2, 34, 229),
    (2, 34, 230),
    (2, 34, 231),
    (2, 34, 232),
    (2, 34, 233),
    (2, 34, 234),
    (2, 34, 235),
    (2, 34, 236),
    (2, 34, 237),
    (2, 34, 238),
    (2, 34, 239),
    (2, 34, 240),
    (2, 36, 241),
    (2, 36, 242),
    (2, 36, 243),
    (2, 36, 244),
    (2, 36, 245),
    (2, 36, 246),
    (2, 36, 247),
    (2, 36, 248),
    (2, 36, 249),
    (2, 36, 250),
    (2, 36, 251),
    (2, 36, 252),
    (2, 36, 253),
    (2, 36, 254),
    (2, 36, 255),
    (2, 36, 256),
    (2, 36, 257),
    (2, 36, 258),
    (2, 36, 259),
    (2, 36, 260),
    (2, 36, 261),
    (2, 36, 262),
    (2, 36, 263),
    (2, 36, 264),
    (2, 36, 265),
    (2, 36, 266),
    (2, 36, 267),
    (2, 36, 268),
    (2, 36, 269),
    (2, 36, 270),
    (2, 36, 271),
    (2, 36, 272),
    (2, 36, 273),
    (2, 36, 274),
    (2, 36, 275),
    (2, 36, 276),
    (2, 36, 277),
    (2, 36, 278),
    (2, 36, 279),
    (2, 36, 280),
    (2, 36, 281),
    (2, 36, 282),
    (2, 36, 283),
    (2, 36, 284),
    (2, 36, 285),
    (2, 36, 286),
    (2, 36, 287),
    (2, 36, 288),
    (2, 36, 289),
    (2, 36, 290),
    (2, 36, 291),
    (2, 36, 292),
    (2, 36, 293),
    (2, 36, 294),
    (2, 36, 295),
    (2, 36, 296),
    (2, 36, 297),
    (2, 36, 298),
    (2, 36, 299),
    (2, 36, 300),
    (2, 38, 301),
    (2, 38, 302),
    (2, 38, 303),
    (2, 38, 304),
    (2, 38, 305),
    (2, 38, 306),
    (2, 38, 307),
    (2, 38, 308),
    (2, 38, 309),
    (2, 38, 310),
    (2, 38, 311),
    (2, 38, 312),
    (2, 38, 313),
    (2, 38, 314),
    (2, 38, 315),
    (2, 38, 316),
    (2, 38, 317),
    (2, 38, 318),
    (2, 38, 319),
    (2, 38, 320),
    (2, 38, 321),
    (2, 38, 322),
    (2, 38, 323),
    (2, 38, 324),
    (2, 38, 325),
    (2, 38, 326),
    (2, 38, 327),
    (2, 38, 328),
    (2, 38, 329),
    (2, 38, 330),
    (2, 38, 331),
    (2, 38, 332),
    (2, 38, 333),
    (2, 38, 334),
    (2, 38, 335),
    (2, 38, 336),
    (2, 38, 337),
    (2, 38, 338),
    (2, 38, 339),
    (2, 38, 340),
    (2, 38, 341),
    (2, 38, 342),
    (2, 38, 343),
    (2, 38, 344),
    (2, 38, 345),
    (2, 38, 346),
    (2, 38, 347),
    (2, 38, 348),
    (2, 38, 349),
    (2, 38, 350),
    (2, 38, 351),
    (2, 38, 352),
    (2, 38, 353),
    (2, 38, 354),
    (2, 38, 355),
    (2, 38, 356),
    (2, 38, 357),
    (2, 38, 358),
    (2, 38, 359),
    (2, 38, 360),
    (2, 38, 361),
    (2, 38, 362),
    (2, 38, 363),
    (2, 38, 364),
    (2, 38, 365),
    (2, 38, 366),
    (2, 38, 367),
    (2, 38, 368),
    (2, 38, 369),
    (2, 38, 370),
    (2, 38, 371),
    (2, 38, 372),
    (2, 38, 373),
    (2, 38, 374),
    (2, 38, 375),
    (2, 38, 376),
    (2, 38, 377),
    (2, 38, 378),
    (2, 38, 379),
    (2, 38, 380);

INSERT INTO public.shows(performance, hall, shows_date)	VALUES 
	(1, 1, '2023-01-10 16:45:00'),
	(1, 2, '2023-01-10 20:30:00'),
	(1, 1, '2023-01-15 18:00:00'),
	(1, 1, '2023-01-15 21:30:00'),
	(1, 2, '2023-01-20 15:30:00'),
	(1, 2, '2023-01-20 20:30:00'),
	(1, 1, '2023-01-26 17:25:00'),
	(1, 2, '2023-01-26 20:40:00'),
	(1, 1, '2023-01-28 18:00:00'),
	(1, 2, '2023-01-28 21:30:00'),
	(2, 1, '2023-01-12 17:30:00'),
	(2, 2, '2023-01-12 20:00:00'),
	(2, 1, '2023-01-16 17:25:00'),
	(2, 1, '2023-01-16 21:15:00'),
	(2, 2, '2023-01-24 15:45:00'),
	(2, 2, '2023-01-24 19:30:00'),
	(2, 1, '2023-01-31 18:40:00'),
	(2, 2, '2023-01-31 21:50:00'),
	(2, 1, '2023-02-04 16:30:00'),
	(2, 2, '2023-02-04 20:10:00'),
	(3, 1, '2023-01-11 16:45:00'),
	(3, 2, '2023-01-11 20:30:00'),
	(3, 1, '2023-01-13 18:00:00'),
	(3, 1, '2023-01-13 21:30:00'),
	(3, 2, '2023-01-17 15:30:00'),
	(3, 2, '2023-01-17 20:30:00'),
	(3, 1, '2023-01-27 17:25:00'),
	(3, 2, '2023-01-27 20:40:00'),
	(3, 1, '2023-01-30 18:00:00'),
	(3, 2, '2023-01-30 21:30:00'),
	(4, 1, '2023-01-14 16:30:00'),
	(4, 2, '2023-01-14 21:00:00'),
	(4, 1, '2023-01-19 19:25:00'),
	(4, 1, '2023-01-19 20:45:00'),
	(4, 2, '2023-01-29 16:10:00'),
	(4, 2, '2023-01-29 20:35:00'),
	(4, 1, '2023-02-02 17:40:00'),
	(4, 2, '2023-02-02 20:45:00'),
	(4, 1, '2023-02-08 16:00:00'),
	(4, 2, '2023-02-08 20:25:00'),
	(5, 1, '2023-01-15 17:20:00'),
	(5, 2, '2023-01-15 20:40:00'),
	(5, 1, '2023-01-21 18:15:00'),
	(5, 1, '2023-01-21 20:50:00'),
	(5, 2, '2023-01-23 17:20:00'),
	(5, 2, '2023-01-23 21:10:00'),
	(5, 1, '2023-02-06 16:00:00'),
	(5, 2, '2023-02-06 20:10:00'),
	(5, 1, '2023-02-12 18:25:00'),
	(5, 2, '2023-02-12 21:10:00');

INSERT INTO public.shows_price(show, seat_type, price) VALUES 
    (2, 34, 2082),
    (2, 35, 2395),
    (2, 36, 1591),
    (2, 37, 2041),
    (2, 38, 1444),
    (3, 34, 1664),
    (3, 35, 1419),
    (3, 36, 2469),
    (3, 37, 1470),
    (3, 38, 1110),
    (4, 34, 1113),
    (4, 35, 2292),
    (4, 36, 455),
    (4, 37, 1878),
    (4, 38, 605),
    (5, 34, 1184),
    (5, 35, 2067),
    (5, 36, 664),
    (5, 37, 629),
    (5, 38, 2242),
    (6, 34, 1854),
    (6, 35, 2118),
    (6, 36, 521),
    (6, 37, 647),
    (6, 38, 2012),
    (7, 34, 888),
    (7, 35, 1162),
    (7, 36, 500),
    (7, 37, 1811),
    (7, 38, 451),
    (8, 34, 1026),
    (8, 35, 1892),
    (8, 36, 1776),
    (8, 37, 2487),
    (8, 38, 1718),
    (9, 34, 1379),
    (9, 35, 2045),
    (9, 36, 1728),
    (9, 37, 1785),
    (9, 38, 1931),
    (10, 34, 1004),
    (10, 35, 583),
    (10, 36, 1084),
    (10, 37, 1211),
    (10, 38, 475),
    (11, 34, 1315),
    (11, 35, 2404),
    (11, 36, 1371),
    (11, 37, 2004),
    (11, 38, 1104),
    (12, 34, 1813),
    (12, 35, 1183),
    (12, 36, 516),
    (12, 37, 1739),
    (12, 38, 866),
    (13, 34, 2465),
    (13, 35, 2324),
    (13, 36, 1394),
    (13, 37, 478),
    (13, 38, 1005),
    (14, 34, 951),
    (14, 35, 1368),
    (14, 36, 1107),
    (14, 37, 1468),
    (14, 38, 534),
    (15, 34, 1722),
    (15, 35, 965),
    (15, 36, 468),
    (15, 37, 609),
    (15, 38, 1727),
    (16, 34, 1639),
    (16, 35, 788),
    (16, 36, 1379),
    (16, 37, 1199),
    (16, 38, 1687),
    (17, 34, 1720),
    (17, 35, 1484),
    (17, 36, 1810),
    (17, 37, 621),
    (17, 38, 1146),
    (18, 34, 985),
    (18, 35, 2292),
    (18, 36, 996),
    (18, 37, 1156),
    (18, 38, 1139),
    (19, 34, 2344),
    (19, 35, 1825),
    (19, 36, 486),
    (19, 37, 2071),
    (19, 38, 1754),
    (20, 34, 1556),
    (20, 35, 1101),
    (20, 36, 1700),
    (20, 37, 1229),
    (20, 38, 1429),
    (21, 34, 2136),
    (21, 35, 1977),
    (21, 36, 2116),
    (21, 37, 1127),
    (21, 38, 1253),
    (22, 34, 799),
    (22, 35, 2385),
    (22, 36, 1211),
    (22, 37, 727),
    (22, 38, 1965),
    (23, 34, 1474),
    (23, 35, 2305),
    (23, 36, 1818),
    (23, 37, 502),
    (23, 38, 1647),
    (24, 34, 1430),
    (24, 35, 963),
    (24, 36, 1222),
    (24, 37, 1832),
    (24, 38, 470),
    (25, 34, 1160),
    (25, 35, 822),
    (25, 36, 2451),
    (25, 37, 779),
    (25, 38, 691),
    (26, 34, 2397),
    (26, 35, 929),
    (26, 36, 898),
    (26, 37, 1355),
    (26, 38, 620),
    (27, 34, 988),
    (27, 35, 1589),
    (27, 36, 599),
    (27, 37, 2270),
    (27, 38, 2051),
    (28, 34, 2244),
    (28, 35, 1868),
    (28, 36, 1133),
    (28, 37, 1868),
    (28, 38, 797),
    (29, 34, 1100),
    (29, 35, 1530),
    (29, 36, 719),
    (29, 37, 1692),
    (29, 38, 2166),
    (30, 34, 488),
    (30, 35, 457),
    (30, 36, 2485),
    (30, 37, 874),
    (30, 38, 774),
    (31, 34, 1043),
    (31, 35, 2379),
    (31, 36, 2368),
    (31, 37, 1209),
    (31, 38, 719),
    (32, 34, 1764),
    (32, 35, 2026),
    (32, 36, 1787),
    (32, 37, 886),
    (32, 38, 1356),
    (33, 34, 2371),
    (33, 35, 1937),
    (33, 36, 2357),
    (33, 37, 557),
    (33, 38, 1427),
    (34, 34, 2385),
    (34, 35, 2155),
    (34, 36, 2049),
    (34, 37, 952),
    (34, 38, 1904),
    (35, 34, 2063),
    (35, 35, 2331),
    (35, 36, 1855),
    (35, 37, 1485),
    (35, 38, 1870),
    (36, 34, 2130),
    (36, 35, 552),
    (36, 36, 1209),
    (36, 37, 1114),
    (36, 38, 652),
    (37, 34, 2390),
    (37, 35, 944),
    (37, 36, 473),
    (37, 37, 1031),
    (37, 38, 2077),
    (38, 34, 1109),
    (38, 35, 1722),
    (38, 36, 1891),
    (38, 37, 2000),
    (38, 38, 736),
    (39, 34, 667),
    (39, 35, 531),
    (39, 36, 696),
    (39, 37, 962),
    (39, 38, 926),
    (40, 34, 1664),
    (40, 35, 1674),
    (40, 36, 611),
    (40, 37, 714),
    (40, 38, 2281),
    (41, 34, 834),
    (41, 35, 909),
    (41, 36, 1983),
    (41, 37, 1471),
    (41, 38, 1212),
    (42, 34, 1213),
    (42, 35, 974),
    (42, 36, 1332),
    (42, 37, 1839),
    (42, 38, 1090),
    (43, 34, 1662),
    (43, 35, 1266),
    (43, 36, 1123),
    (43, 37, 684),
    (43, 38, 1467),
    (44, 34, 1877),
    (44, 35, 1913),
    (44, 36, 1776),
    (44, 37, 980),
    (44, 38, 767),
    (45, 34, 1113),
    (45, 35, 714),
    (45, 36, 498),
    (45, 37, 665),
    (45, 38, 1686),
    (46, 34, 1981),
    (46, 35, 2084),
    (46, 36, 1342),
    (46, 37, 1009),
    (46, 38, 656),
    (47, 34, 905),
    (47, 35, 2441),
    (47, 36, 945),
    (47, 37, 1334),
    (47, 38, 2319),
    (48, 34, 1931),
    (48, 35, 1462),
    (48, 36, 1503),
    (48, 37, 2320),
    (48, 38, 1314),
    (49, 34, 585),
    (49, 35, 839),
    (49, 36, 501),
    (49, 37, 1359),
    (49, 38, 1575),
    (50, 34, 1902),
    (50, 35, 1909),
    (50, 36, 462),
    (50, 37, 1996),
    (50, 38, 1550),
    (51, 34, 2251),
    (51, 35, 2399),
    (51, 36, 2132),
    (51, 37, 2447),
    (51, 38, 1617),
    (52, 34, 569),
    (52, 35, 860),
    (52, 36, 1767),
    (52, 37, 2285),
    (52, 38, 1731);

INSERT INTO public.purchased_seats(seat, show, user_name, passport_data) VALUES
    (229, 14, 'Имя1', 'Паспорт1'),
    (22, 39, 'Имя2', 'Паспорт2'),
    (60, 32, 'Имя3', 'Паспорт3'),
    (208, 25, 'Имя4', 'Паспорт4'),
    (177, 23, 'Имя5', 'Паспорт5'),
    (95, 37, 'Имя6', 'Паспорт6'),
    (209, 11, 'Имя7', 'Паспорт7'),
    (23, 44, 'Имя8', 'Паспорт8'),
    (83, 31, 'Имя9', 'Паспорт9'),
    (78, 5, 'Имя10', 'Паспорт10'),
    (43, 29, 'Имя11', 'Паспорт11'),
    (177, 11, 'Имя12', 'Паспорт12'),
    (231, 46, 'Имя13', 'Паспорт13'),
    (140, 40, 'Имя14', 'Паспорт14'),
    (116, 27, 'Имя15', 'Паспорт15'),
    (76, 10, 'Имя16', 'Паспорт16'),
    (32, 50, 'Имя17', 'Паспорт17'),
    (22, 49, 'Имя18', 'Паспорт18'),
    (141, 29, 'Имя19', 'Паспорт19'),
    (221, 24, 'Имя20', 'Паспорт20'),
    (87, 42, 'Имя21', 'Паспорт21'),
    (74, 31, 'Имя22', 'Паспорт22'),
    (101, 48, 'Имя23', 'Паспорт23'),
    (128, 37, 'Имя24', 'Паспорт24'),
    (137, 50, 'Имя25', 'Паспорт25'),
    (190, 10, 'Имя26', 'Паспорт26'),
    (123, 48, 'Имя27', 'Паспорт27'),
    (26, 21, 'Имя28', 'Паспорт28'),
    (137, 48, 'Имя29', 'Паспорт29'),
    (205, 20, 'Имя30', 'Паспорт30'),
    (9, 5, 'Имя31', 'Паспорт31'),
    (1, 12, 'Имя32', 'Паспорт32'),
    (32, 12, 'Имя33', 'Паспорт33'),
    (142, 47, 'Имя34', 'Паспорт34'),
    (28, 10, 'Имя35', 'Паспорт35'),
    (67, 42, 'Имя36', 'Паспорт36'),
    (175, 46, 'Имя37', 'Паспорт37'),
    (181, 21, 'Имя38', 'Паспорт38'),
    (62, 8, 'Имя39', 'Паспорт39'),
    (196, 2, 'Имя40', 'Паспорт40'),
    (91, 46, 'Имя41', 'Паспорт41'),
    (53, 28, 'Имя42', 'Паспорт42'),
    (185, 9, 'Имя43', 'Паспорт43'),
    (171, 12, 'Имя44', 'Паспорт44'),
    (211, 38, 'Имя45', 'Паспорт45'),
    (96, 35, 'Имя46', 'Паспорт46'),
    (182, 28, 'Имя47', 'Паспорт47'),
    (104, 15, 'Имя48', 'Паспорт48'),
    (197, 6, 'Имя49', 'Паспорт49'),
    (111, 12, 'Имя50', 'Паспорт50'),
    (88, 33, 'Имя51', 'Паспорт51'),
    (145, 21, 'Имя52', 'Паспорт52'),
    (170, 51, 'Имя53', 'Паспорт53'),
    (116, 34, 'Имя54', 'Паспорт54'),
    (49, 38, 'Имя55', 'Паспорт55'),
    (33, 22, 'Имя56', 'Паспорт56'),
    (31, 43, 'Имя57', 'Паспорт57'),
    (2, 10, 'Имя58', 'Паспорт58'),
    (217, 26, 'Имя59', 'Паспорт59'),
    (119, 52, 'Имя60', 'Паспорт60'),
    (131, 20, 'Имя61', 'Паспорт61'),
    (13, 22, 'Имя62', 'Паспорт62'),
    (196, 33, 'Имя63', 'Паспорт63'),
    (16, 11, 'Имя64', 'Паспорт64'),
    (113, 25, 'Имя65', 'Паспорт65'),
    (150, 10, 'Имя66', 'Паспорт66'),
    (174, 31, 'Имя67', 'Паспорт67'),
    (164, 39, 'Имя68', 'Паспорт68'),
    (73, 44, 'Имя69', 'Паспорт69'),
    (210, 41, 'Имя70', 'Паспорт70'),
    (171, 4, 'Имя71', 'Паспорт71'),
    (4, 8, 'Имя72', 'Паспорт72'),
    (145, 51, 'Имя73', 'Паспорт73'),
    (134, 48, 'Имя74', 'Паспорт74'),
    (128, 14, 'Имя75', 'Паспорт75'),
    (101, 17, 'Имя76', 'Паспорт76'),
    (153, 25, 'Имя77', 'Паспорт77'),
    (170, 52, 'Имя78', 'Паспорт78'),
    (143, 11, 'Имя79', 'Паспорт79'),
    (150, 5, 'Имя80', 'Паспорт80'),
    (227, 16, 'Имя81', 'Паспорт81'),
    (45, 39, 'Имя82', 'Паспорт82'),
    (31, 51, 'Имя83', 'Паспорт83'),
    (180, 29, 'Имя84', 'Паспорт84'),
    (39, 15, 'Имя85', 'Паспорт85'),
    (219, 3, 'Имя86', 'Паспорт86'),
    (162, 37, 'Имя87', 'Паспорт87'),
    (76, 25, 'Имя88', 'Паспорт88'),
    (86, 49, 'Имя89', 'Паспорт89'),
    (205, 43, 'Имя90', 'Паспорт90'),
    (20, 9, 'Имя91', 'Паспорт91'),
    (169, 12, 'Имя92', 'Паспорт92'),
    (13, 16, 'Имя93', 'Паспорт93'),
    (139, 13, 'Имя94', 'Паспорт94'),
    (226, 35, 'Имя95', 'Паспорт95'),
    (43, 7, 'Имя96', 'Паспорт96'),
    (58, 41, 'Имя97', 'Паспорт97'),
    (216, 22, 'Имя98', 'Паспорт98'),
    (219, 15, 'Имя99', 'Паспорт99'),
    (1, 33, 'Имя100', 'Паспорт100'),
    (64, 52, 'Имя101', 'Паспорт101'),
    (190, 14, 'Имя102', 'Паспорт102'),
    (94, 20, 'Имя103', 'Паспорт103'),
    (165, 48, 'Имя104', 'Паспорт104'),
    (40, 12, 'Имя105', 'Паспорт105'),
    (165, 34, 'Имя106', 'Паспорт106'),
    (90, 42, 'Имя107', 'Паспорт107'),
    (249, 40, 'Имя108', 'Паспорт108'),
    (151, 51, 'Имя109', 'Паспорт109'),
    (173, 44, 'Имя110', 'Паспорт110'),
    (103, 26, 'Имя111', 'Паспорт111'),
    (160, 27, 'Имя112', 'Паспорт112'),
    (24, 41, 'Имя113', 'Паспорт113'),
    (202, 46, 'Имя114', 'Паспорт114'),
    (211, 47, 'Имя115', 'Паспорт115'),
    (149, 5, 'Имя116', 'Паспорт116'),
    (232, 12, 'Имя117', 'Паспорт117'),
    (140, 6, 'Имя118', 'Паспорт118'),
    (98, 23, 'Имя119', 'Паспорт119'),
    (208, 37, 'Имя120', 'Паспорт120'),
    (159, 35, 'Имя121', 'Паспорт121'),
    (19, 37, 'Имя122', 'Паспорт122'),
    (1, 28, 'Имя123', 'Паспорт123'),
    (188, 24, 'Имя124', 'Паспорт124'),
    (195, 7, 'Имя125', 'Паспорт125'),
    (201, 47, 'Имя126', 'Паспорт126'),
    (146, 10, 'Имя127', 'Паспорт127'),
    (52, 41, 'Имя128', 'Паспорт128'),
    (89, 15, 'Имя129', 'Паспорт129'),
    (38, 32, 'Имя130', 'Паспорт130'),
    (139, 41, 'Имя131', 'Паспорт131'),
    (16, 15, 'Имя132', 'Паспорт132'),
    (154, 31, 'Имя133', 'Паспорт133'),
    (181, 9, 'Имя134', 'Паспорт134'),
    (58, 48, 'Имя135', 'Паспорт135'),
    (92, 10, 'Имя136', 'Паспорт136'),
    (37, 2, 'Имя137', 'Паспорт137'),
    (49, 40, 'Имя138', 'Паспорт138'),
    (102, 50, 'Имя139', 'Паспорт139'),
    (124, 31, 'Имя140', 'Паспорт140'),
    (4, 20, 'Имя141', 'Паспорт141'),
    (25, 39, 'Имя142', 'Паспорт142'),
    (24, 37, 'Имя143', 'Паспорт143'),
    (123, 40, 'Имя144', 'Паспорт144'),
    (1, 42, 'Имя145', 'Паспорт145'),
    (184, 8, 'Имя146', 'Паспорт146'),
    (71, 13, 'Имя147', 'Паспорт147'),
    (34, 45, 'Имя148', 'Паспорт148'),
    (148, 43, 'Имя149', 'Паспорт149'),
    (20, 23, 'Имя150', 'Паспорт150'),
    (202, 32, 'Имя151', 'Паспорт151'),
    (54, 46, 'Имя152', 'Паспорт152'),
    (185, 34, 'Имя153', 'Паспорт153'),
    (189, 31, 'Имя154', 'Паспорт154'),
    (245, 24, 'Имя155', 'Паспорт155'),
    (92, 22, 'Имя156', 'Паспорт156'),
    (192, 31, 'Имя157', 'Паспорт157'),
    (149, 11, 'Имя158', 'Паспорт158'),
    (172, 18, 'Имя159', 'Паспорт159'),
    (43, 48, 'Имя160', 'Паспорт160'),
    (25, 51, 'Имя161', 'Паспорт161'),
    (39, 24, 'Имя162', 'Паспорт162'),
    (45, 14, 'Имя163', 'Паспорт163'),
    (223, 49, 'Имя164', 'Паспорт164'),
    (218, 19, 'Имя165', 'Паспорт165'),
    (42, 32, 'Имя166', 'Паспорт166'),
    (217, 6, 'Имя167', 'Паспорт167'),
    (191, 23, 'Имя168', 'Паспорт168'),
    (37, 13, 'Имя169', 'Паспорт169'),
    (1, 25, 'Имя170', 'Паспорт170'),
    (236, 48, 'Имя171', 'Паспорт171'),
    (193, 30, 'Имя172', 'Паспорт172'),
    (106, 18, 'Имя173', 'Паспорт173'),
    (91, 37, 'Имя174', 'Паспорт174'),
    (158, 49, 'Имя175', 'Паспорт175'),
    (42, 15, 'Имя176', 'Паспорт176'),
    (160, 10, 'Имя177', 'Паспорт177'),
    (79, 44, 'Имя178', 'Паспорт178'),
    (111, 41, 'Имя179', 'Паспорт179'),
    (174, 27, 'Имя180', 'Паспорт180'),
    (185, 44, 'Имя181', 'Паспорт181'),
    (177, 34, 'Имя182', 'Паспорт182'),
    (71, 41, 'Имя183', 'Паспорт183'),
    (136, 36, 'Имя184', 'Паспорт184'),
    (204, 11, 'Имя185', 'Паспорт185'),
    (12, 25, 'Имя186', 'Паспорт186'),
    (81, 37, 'Имя187', 'Паспорт187'),
    (245, 11, 'Имя188', 'Паспорт188'),
    (50, 32, 'Имя189', 'Паспорт189'),
    (6, 45, 'Имя190', 'Паспорт190'),
    (220, 11, 'Имя191', 'Паспорт191'),
    (74, 49, 'Имя192', 'Паспорт192'),
    (45, 47, 'Имя193', 'Паспорт193'),
    (240, 38, 'Имя194', 'Паспорт194'),
    (192, 49, 'Имя195', 'Паспорт195'),
    (244, 21, 'Имя196', 'Паспорт196'),
    (135, 27, 'Имя197', 'Паспорт197'),
    (182, 7, 'Имя198', 'Паспорт198'),
    (52, 8, 'Имя199', 'Паспорт199'),
    (68, 35, 'Имя200', 'Паспорт200'),
    (196, 36, 'Имя201', 'Паспорт201'),
    (222, 25, 'Имя202', 'Паспорт202'),
    (224, 38, 'Имя203', 'Паспорт203'),
    (237, 49, 'Имя204', 'Паспорт204'),
    (45, 8, 'Имя205', 'Паспорт205'),
    (160, 44, 'Имя206', 'Паспорт206'),
    (188, 44, 'Имя207', 'Паспорт207'),
    (155, 29, 'Имя208', 'Паспорт208'),
    (135, 41, 'Имя209', 'Паспорт209'),
    (115, 21, 'Имя210', 'Паспорт210'),
    (203, 44, 'Имя211', 'Паспорт211'),
    (230, 47, 'Имя212', 'Паспорт212'),
    (51, 36, 'Имя213', 'Паспорт213'),
    (231, 43, 'Имя214', 'Паспорт214'),
    (245, 46, 'Имя215', 'Паспорт215'),
    (246, 5, 'Имя216', 'Паспорт216'),
    (83, 20, 'Имя217', 'Паспорт217'),
    (17, 12, 'Имя218', 'Паспорт218'),
    (76, 44, 'Имя219', 'Паспорт219'),
    (9, 25, 'Имя220', 'Паспорт220'),
    (238, 3, 'Имя221', 'Паспорт221'),
    (133, 34, 'Имя222', 'Паспорт222'),
    (73, 8, 'Имя223', 'Паспорт223'),
    (157, 37, 'Имя224', 'Паспорт224'),
    (221, 11, 'Имя225', 'Паспорт225'),
    (144, 23, 'Имя226', 'Паспорт226'),
    (169, 47, 'Имя227', 'Паспорт227'),
    (212, 50, 'Имя228', 'Паспорт228'),
    (190, 52, 'Имя229', 'Паспорт229'),
    (63, 13, 'Имя230', 'Паспорт230'),
    (197, 8, 'Имя231', 'Паспорт231'),
    (240, 17, 'Имя232', 'Паспорт232'),
    (37, 31, 'Имя233', 'Паспорт233'),
    (128, 21, 'Имя234', 'Паспорт234'),
    (194, 23, 'Имя235', 'Паспорт235'),
    (62, 37, 'Имя236', 'Паспорт236'),
    (186, 52, 'Имя237', 'Паспорт237'),
    (109, 42, 'Имя238', 'Паспорт238'),
    (76, 16, 'Имя239', 'Паспорт239'),
    (150, 5, 'Имя240', 'Паспорт240'),
    (11, 13, 'Имя241', 'Паспорт241'),
    (235, 42, 'Имя242', 'Паспорт242'),
    (74, 30, 'Имя243', 'Паспорт243'),
    (98, 24, 'Имя244', 'Паспорт244'),
    (132, 7, 'Имя245', 'Паспорт245'),
    (112, 17, 'Имя246', 'Паспорт246'),
    (148, 43, 'Имя247', 'Паспорт247'),
    (172, 44, 'Имя248', 'Паспорт248'),
    (17, 13, 'Имя249', 'Паспорт249'),
    (125, 38, 'Имя250', 'Паспорт250'),
    (155, 14, 'Имя251', 'Паспорт251'),
    (231, 25, 'Имя252', 'Паспорт252'),
    (234, 46, 'Имя253', 'Паспорт253'),
    (173, 36, 'Имя254', 'Паспорт254'),
    (113, 4, 'Имя255', 'Паспорт255'),
    (163, 26, 'Имя256', 'Паспорт256'),
    (100, 11, 'Имя257', 'Паспорт257'),
    (47, 30, 'Имя258', 'Паспорт258'),
    (48, 10, 'Имя259', 'Паспорт259'),
    (5, 32, 'Имя260', 'Паспорт260'),
    (48, 5, 'Имя261', 'Паспорт261'),
    (214, 35, 'Имя262', 'Паспорт262'),
    (243, 50, 'Имя263', 'Паспорт263'),
    (28, 49, 'Имя264', 'Паспорт264'),
    (77, 33, 'Имя265', 'Паспорт265'),
    (181, 6, 'Имя266', 'Паспорт266'),
    (196, 47, 'Имя267', 'Паспорт267'),
    (114, 42, 'Имя268', 'Паспорт268'),
    (76, 25, 'Имя269', 'Паспорт269'),
    (217, 23, 'Имя270', 'Паспорт270'),
    (216, 37, 'Имя271', 'Паспорт271'),
    (250, 25, 'Имя272', 'Паспорт272'),
    (116, 51, 'Имя273', 'Паспорт273'),
    (227, 23, 'Имя274', 'Паспорт274'),
    (156, 8, 'Имя275', 'Паспорт275'),
    (160, 48, 'Имя276', 'Паспорт276'),
    (50, 48, 'Имя277', 'Паспорт277'),
    (131, 30, 'Имя278', 'Паспорт278'),
    (99, 15, 'Имя279', 'Паспорт279'),
    (125, 52, 'Имя280', 'Паспорт280'),
    (192, 40, 'Имя281', 'Паспорт281'),
    (96, 44, 'Имя282', 'Паспорт282'),
    (85, 30, 'Имя283', 'Паспорт283'),
    (175, 28, 'Имя284', 'Паспорт284'),
    (181, 22, 'Имя285', 'Паспорт285'),
    (65, 38, 'Имя286', 'Паспорт286'),
    (74, 32, 'Имя287', 'Паспорт287'),
    (183, 26, 'Имя288', 'Паспорт288'),
    (16, 21, 'Имя289', 'Паспорт289'),
    (49, 52, 'Имя290', 'Паспорт290'),
    (10, 37, 'Имя291', 'Паспорт291'),
    (79, 11, 'Имя292', 'Паспорт292'),
    (243, 43, 'Имя293', 'Паспорт293'),
    (222, 46, 'Имя294', 'Паспорт294'),
    (91, 47, 'Имя295', 'Паспорт295'),
    (100, 4, 'Имя296', 'Паспорт296'),
    (243, 46, 'Имя297', 'Паспорт297'),
    (164, 7, 'Имя298', 'Паспорт298'),
    (81, 10, 'Имя299', 'Паспорт299'),
    (32, 47, 'Имя300', 'Паспорт300'),
    (68, 22, 'Имя301', 'Паспорт301'),
    (173, 13, 'Имя302', 'Паспорт302'),
    (218, 48, 'Имя303', 'Паспорт303'),
    (154, 32, 'Имя304', 'Паспорт304'),
    (44, 3, 'Имя305', 'Паспорт305'),
    (124, 2, 'Имя306', 'Паспорт306'),
    (18, 27, 'Имя307', 'Паспорт307'),
    (239, 5, 'Имя308', 'Паспорт308'),
    (111, 12, 'Имя309', 'Паспорт309'),
    (218, 28, 'Имя310', 'Паспорт310'),
    (171, 43, 'Имя311', 'Паспорт311'),
    (38, 44, 'Имя312', 'Паспорт312'),
    (249, 13, 'Имя313', 'Паспорт313'),
    (188, 23, 'Имя314', 'Паспорт314'),
    (237, 33, 'Имя315', 'Паспорт315'),
    (42, 48, 'Имя316', 'Паспорт316'),
    (66, 17, 'Имя317', 'Паспорт317'),
    (182, 34, 'Имя318', 'Паспорт318'),
    (2, 6, 'Имя319', 'Паспорт319'),
    (79, 4, 'Имя320', 'Паспорт320'),
    (50, 16, 'Имя321', 'Паспорт321'),
    (176, 18, 'Имя322', 'Паспорт322'),
    (101, 22, 'Имя323', 'Паспорт323'),
    (243, 25, 'Имя324', 'Паспорт324'),
    (231, 31, 'Имя325', 'Паспорт325'),
    (168, 8, 'Имя326', 'Паспорт326'),
    (73, 32, 'Имя327', 'Паспорт327'),
    (54, 25, 'Имя328', 'Паспорт328'),
    (62, 45, 'Имя329', 'Паспорт329'),
    (59, 35, 'Имя330', 'Паспорт330'),
    (42, 11, 'Имя331', 'Паспорт331'),
    (163, 30, 'Имя332', 'Паспорт332'),
    (219, 32, 'Имя333', 'Паспорт333'),
    (186, 41, 'Имя334', 'Паспорт334'),
    (194, 17, 'Имя335', 'Паспорт335'),
    (16, 20, 'Имя336', 'Паспорт336'),
    (223, 43, 'Имя337', 'Паспорт337'),
    (82, 22, 'Имя338', 'Паспорт338'),
    (30, 43, 'Имя339', 'Паспорт339'),
    (107, 32, 'Имя340', 'Паспорт340'),
    (62, 16, 'Имя341', 'Паспорт341'),
    (124, 20, 'Имя342', 'Паспорт342'),
    (239, 4, 'Имя343', 'Паспорт343'),
    (154, 35, 'Имя344', 'Паспорт344'),
    (22, 16, 'Имя345', 'Паспорт345'),
    (101, 9, 'Имя346', 'Паспорт346'),
    (214, 35, 'Имя347', 'Паспорт347'),
    (223, 2, 'Имя348', 'Паспорт348'),
    (159, 9, 'Имя349', 'Паспорт349'),
    (114, 43, 'Имя350', 'Паспорт350'),
    (163, 12, 'Имя351', 'Паспорт351'),
    (175, 33, 'Имя352', 'Паспорт352'),
    (130, 17, 'Имя353', 'Паспорт353'),
    (58, 26, 'Имя354', 'Паспорт354'),
    (69, 43, 'Имя355', 'Паспорт355'),
    (84, 23, 'Имя356', 'Паспорт356'),
    (109, 34, 'Имя357', 'Паспорт357'),
    (102, 46, 'Имя358', 'Паспорт358'),
    (175, 16, 'Имя359', 'Паспорт359'),
    (150, 44, 'Имя360', 'Паспорт360'),
    (244, 6, 'Имя361', 'Паспорт361'),
    (171, 27, 'Имя362', 'Паспорт362'),
    (227, 48, 'Имя363', 'Паспорт363'),
    (126, 13, 'Имя364', 'Паспорт364'),
    (231, 18, 'Имя365', 'Паспорт365'),
    (191, 51, 'Имя366', 'Паспорт366'),
    (93, 33, 'Имя367', 'Паспорт367'),
    (239, 4, 'Имя368', 'Паспорт368'),
    (147, 46, 'Имя369', 'Паспорт369'),
    (212, 34, 'Имя370', 'Паспорт370'),
    (204, 8, 'Имя371', 'Паспорт371'),
    (97, 15, 'Имя372', 'Паспорт372'),
    (236, 51, 'Имя373', 'Паспорт373'),
    (178, 13, 'Имя374', 'Паспорт374'),
    (64, 2, 'Имя375', 'Паспорт375'),
    (76, 19, 'Имя376', 'Паспорт376'),
    (139, 33, 'Имя377', 'Паспорт377'),
    (210, 30, 'Имя378', 'Паспорт378'),
    (131, 12, 'Имя379', 'Паспорт379'),
    (178, 32, 'Имя380', 'Паспорт380'),
    (203, 2, 'Имя381', 'Паспорт381'),
    (139, 50, 'Имя382', 'Паспорт382'),
    (14, 20, 'Имя383', 'Паспорт383'),
    (14, 43, 'Имя384', 'Паспорт384'),
    (170, 20, 'Имя385', 'Паспорт385'),
    (74, 43, 'Имя386', 'Паспорт386'),
    (111, 50, 'Имя387', 'Паспорт387'),
    (4, 44, 'Имя388', 'Паспорт388'),
    (175, 22, 'Имя389', 'Паспорт389'),
    (139, 49, 'Имя390', 'Паспорт390'),
    (52, 16, 'Имя391', 'Паспорт391'),
    (245, 48, 'Имя392', 'Паспорт392'),
    (5, 23, 'Имя393', 'Паспорт393'),
    (104, 39, 'Имя394', 'Паспорт394'),
    (194, 21, 'Имя395', 'Паспорт395'),
    (130, 21, 'Имя396', 'Паспорт396'),
    (44, 14, 'Имя397', 'Паспорт397'),
    (208, 43, 'Имя398', 'Паспорт398'),
    (145, 24, 'Имя399', 'Паспорт399'),
    (55, 31, 'Имя400', 'Паспорт400'),
    (232, 47, 'Имя401', 'Паспорт401'),
    (137, 47, 'Имя402', 'Паспорт402'),
    (179, 26, 'Имя403', 'Паспорт403'),
    (227, 32, 'Имя404', 'Паспорт404'),
    (154, 52, 'Имя405', 'Паспорт405'),
    (218, 7, 'Имя406', 'Паспорт406'),
    (162, 41, 'Имя407', 'Паспорт407'),
    (99, 29, 'Имя408', 'Паспорт408'),
    (7, 34, 'Имя409', 'Паспорт409'),
    (234, 34, 'Имя410', 'Паспорт410'),
    (240, 17, 'Имя411', 'Паспорт411'),
    (13, 16, 'Имя412', 'Паспорт412'),
    (212, 48, 'Имя413', 'Паспорт413'),
    (162, 12, 'Имя414', 'Паспорт414'),
    (32, 12, 'Имя415', 'Паспорт415'),
    (66, 15, 'Имя416', 'Паспорт416'),
    (48, 52, 'Имя417', 'Паспорт417'),
    (2, 18, 'Имя418', 'Паспорт418'),
    (184, 6, 'Имя419', 'Паспорт419'),
    (51, 29, 'Имя420', 'Паспорт420'),
    (128, 43, 'Имя421', 'Паспорт421'),
    (33, 41, 'Имя422', 'Паспорт422'),
    (130, 22, 'Имя423', 'Паспорт423'),
    (186, 22, 'Имя424', 'Паспорт424'),
    (214, 17, 'Имя425', 'Паспорт425'),
    (197, 49, 'Имя426', 'Паспорт426'),
    (125, 31, 'Имя427', 'Паспорт427'),
    (154, 33, 'Имя428', 'Паспорт428'),
    (210, 15, 'Имя429', 'Паспорт429'),
    (11, 42, 'Имя430', 'Паспорт430'),
    (210, 38, 'Имя431', 'Паспорт431'),
    (117, 23, 'Имя432', 'Паспорт432'),
    (185, 32, 'Имя433', 'Паспорт433'),
    (231, 35, 'Имя434', 'Паспорт434'),
    (194, 5, 'Имя435', 'Паспорт435'),
    (200, 49, 'Имя436', 'Паспорт436'),
    (110, 22, 'Имя437', 'Паспорт437'),
    (32, 9, 'Имя438', 'Паспорт438'),
    (44, 15, 'Имя439', 'Паспорт439'),
    (193, 24, 'Имя440', 'Паспорт440'),
    (42, 14, 'Имя441', 'Паспорт441'),
    (87, 44, 'Имя442', 'Паспорт442'),
    (103, 18, 'Имя443', 'Паспорт443'),
    (192, 33, 'Имя444', 'Паспорт444'),
    (93, 21, 'Имя445', 'Паспорт445'),
    (120, 26, 'Имя446', 'Паспорт446'),
    (13, 22, 'Имя447', 'Паспорт447'),
    (174, 43, 'Имя448', 'Паспорт448'),
    (89, 38, 'Имя449', 'Паспорт449'),
    (10, 48, 'Имя450', 'Паспорт450'),
    (122, 6, 'Имя451', 'Паспорт451'),
    (155, 41, 'Имя452', 'Паспорт452'),
    (126, 45, 'Имя453', 'Паспорт453'),
    (126, 7, 'Имя454', 'Паспорт454'),
    (114, 26, 'Имя455', 'Паспорт455'),
    (111, 30, 'Имя456', 'Паспорт456'),
    (122, 32, 'Имя457', 'Паспорт457'),
    (160, 31, 'Имя458', 'Паспорт458'),
    (91, 34, 'Имя459', 'Паспорт459'),
    (1, 23, 'Имя460', 'Паспорт460'),
    (210, 17, 'Имя461', 'Паспорт461'),
    (73, 21, 'Имя462', 'Паспорт462'),
    (149, 18, 'Имя463', 'Паспорт463'),
    (223, 3, 'Имя464', 'Паспорт464'),
    (176, 18, 'Имя465', 'Паспорт465'),
    (197, 25, 'Имя466', 'Паспорт466'),
    (59, 45, 'Имя467', 'Паспорт467'),
    (239, 6, 'Имя468', 'Паспорт468'),
    (159, 30, 'Имя469', 'Паспорт469'),
    (81, 30, 'Имя470', 'Паспорт470'),
    (205, 35, 'Имя471', 'Паспорт471'),
    (40, 47, 'Имя472', 'Паспорт472'),
    (237, 48, 'Имя473', 'Паспорт473'),
    (249, 24, 'Имя474', 'Паспорт474'),
    (191, 7, 'Имя475', 'Паспорт475'),
    (111, 38, 'Имя476', 'Паспорт476'),
    (180, 33, 'Имя477', 'Паспорт477'),
    (20, 10, 'Имя478', 'Паспорт478'),
    (199, 13, 'Имя479', 'Паспорт479'),
    (47, 11, 'Имя480', 'Паспорт480'),
    (241, 25, 'Имя481', 'Паспорт481'),
    (100, 8, 'Имя482', 'Паспорт482'),
    (173, 52, 'Имя483', 'Паспорт483'),
    (83, 34, 'Имя484', 'Паспорт484'),
    (162, 30, 'Имя485', 'Паспорт485'),
    (239, 42, 'Имя486', 'Паспорт486'),
    (79, 24, 'Имя487', 'Паспорт487'),
    (150, 10, 'Имя488', 'Паспорт488'),
    (39, 22, 'Имя489', 'Паспорт489'),
    (112, 36, 'Имя490', 'Паспорт490'),
    (82, 24, 'Имя491', 'Паспорт491'),
    (70, 32, 'Имя492', 'Паспорт492'),
    (221, 5, 'Имя493', 'Паспорт493'),
    (185, 33, 'Имя494', 'Паспорт494'),
    (195, 41, 'Имя495', 'Паспорт495'),
    (73, 22, 'Имя496', 'Паспорт496'),
    (95, 9, 'Имя497', 'Паспорт497'),
    (150, 20, 'Имя498', 'Паспорт498'),
    (67, 3, 'Имя499', 'Паспорт499'),
    (52, 50, 'Имя500', 'Паспорт500'),
    (146, 20, 'Имя501', 'Паспорт501'),
    (201, 12, 'Имя502', 'Паспорт502'),
    (39, 34, 'Имя503', 'Паспорт503'),
    (100, 16, 'Имя504', 'Паспорт504'),
    (6, 48, 'Имя505', 'Паспорт505'),
    (6, 22, 'Имя506', 'Паспорт506'),
    (197, 27, 'Имя507', 'Паспорт507'),
    (216, 28, 'Имя508', 'Паспорт508'),
    (46, 42, 'Имя509', 'Паспорт509'),
    (63, 33, 'Имя510', 'Паспорт510'),
    (62, 38, 'Имя511', 'Паспорт511'),
    (213, 46, 'Имя512', 'Паспорт512'),
    (67, 30, 'Имя513', 'Паспорт513'),
    (105, 11, 'Имя514', 'Паспорт514'),
    (211, 14, 'Имя515', 'Паспорт515'),
    (227, 8, 'Имя516', 'Паспорт516'),
    (47, 26, 'Имя517', 'Паспорт517'),
    (25, 50, 'Имя518', 'Паспорт518'),
    (161, 5, 'Имя519', 'Паспорт519'),
    (110, 13, 'Имя520', 'Паспорт520'),
    (169, 25, 'Имя521', 'Паспорт521'),
    (149, 46, 'Имя522', 'Паспорт522'),
    (190, 47, 'Имя523', 'Паспорт523'),
    (154, 46, 'Имя524', 'Паспорт524'),
    (70, 5, 'Имя525', 'Паспорт525'),
    (44, 25, 'Имя526', 'Паспорт526'),
    (196, 32, 'Имя527', 'Паспорт527'),
    (179, 46, 'Имя528', 'Паспорт528'),
    (130, 49, 'Имя529', 'Паспорт529'),
    (235, 32, 'Имя530', 'Паспорт530'),
    (58, 13, 'Имя531', 'Паспорт531'),
    (110, 41, 'Имя532', 'Паспорт532'),
    (250, 47, 'Имя533', 'Паспорт533'),
    (54, 17, 'Имя534', 'Паспорт534'),
    (102, 47, 'Имя535', 'Паспорт535'),
    (221, 7, 'Имя536', 'Паспорт536'),
    (91, 2, 'Имя537', 'Паспорт537'),
    (236, 41, 'Имя538', 'Паспорт538'),
    (31, 51, 'Имя539', 'Паспорт539'),
    (27, 21, 'Имя540', 'Паспорт540'),
    (236, 29, 'Имя541', 'Паспорт541'),
    (226, 40, 'Имя542', 'Паспорт542'),
    (17, 24, 'Имя543', 'Паспорт543'),
    (86, 32, 'Имя544', 'Паспорт544'),
    (194, 13, 'Имя545', 'Паспорт545'),
    (111, 38, 'Имя546', 'Паспорт546'),
    (34, 44, 'Имя547', 'Паспорт547'),
    (2, 25, 'Имя548', 'Паспорт548'),
    (7, 43, 'Имя549', 'Паспорт549'),
    (220, 45, 'Имя550', 'Паспорт550'),
    (169, 17, 'Имя551', 'Паспорт551'),
    (117, 21, 'Имя552', 'Паспорт552'),
    (50, 5, 'Имя553', 'Паспорт553'),
    (26, 41, 'Имя554', 'Паспорт554'),
    (163, 49, 'Имя555', 'Паспорт555'),
    (187, 29, 'Имя556', 'Паспорт556'),
    (207, 30, 'Имя557', 'Паспорт557'),
    (166, 36, 'Имя558', 'Паспорт558'),
    (81, 36, 'Имя559', 'Паспорт559'),
    (180, 30, 'Имя560', 'Паспорт560'),
    (140, 33, 'Имя561', 'Паспорт561'),
    (133, 10, 'Имя562', 'Паспорт562'),
    (115, 10, 'Имя563', 'Паспорт563'),
    (245, 28, 'Имя564', 'Паспорт564'),
    (2, 26, 'Имя565', 'Паспорт565'),
    (190, 17, 'Имя566', 'Паспорт566'),
    (25, 14, 'Имя567', 'Паспорт567'),
    (177, 34, 'Имя568', 'Паспорт568'),
    (19, 28, 'Имя569', 'Паспорт569'),
    (142, 2, 'Имя570', 'Паспорт570'),
    (86, 31, 'Имя571', 'Паспорт571'),
    (236, 44, 'Имя572', 'Паспорт572'),
    (123, 47, 'Имя573', 'Паспорт573'),
    (220, 31, 'Имя574', 'Паспорт574'),
    (44, 18, 'Имя575', 'Паспорт575'),
    (34, 20, 'Имя576', 'Паспорт576'),
    (23, 18, 'Имя577', 'Паспорт577'),
    (76, 4, 'Имя578', 'Паспорт578'),
    (196, 16, 'Имя579', 'Паспорт579'),
    (230, 3, 'Имя580', 'Паспорт580'),
    (22, 31, 'Имя581', 'Паспорт581'),
    (191, 10, 'Имя582', 'Паспорт582'),
    (44, 24, 'Имя583', 'Паспорт583'),
    (112, 31, 'Имя584', 'Паспорт584'),
    (215, 3, 'Имя585', 'Паспорт585'),
    (153, 42, 'Имя586', 'Паспорт586'),
    (27, 38, 'Имя587', 'Паспорт587'),
    (55, 52, 'Имя588', 'Паспорт588'),
    (170, 37, 'Имя589', 'Паспорт589'),
    (172, 30, 'Имя590', 'Паспорт590'),
    (74, 22, 'Имя591', 'Паспорт591'),
    (88, 37, 'Имя592', 'Паспорт592'),
    (89, 22, 'Имя593', 'Паспорт593'),
    (55, 41, 'Имя594', 'Паспорт594'),
    (237, 35, 'Имя595', 'Паспорт595'),
    (213, 41, 'Имя596', 'Паспорт596'),
    (152, 29, 'Имя597', 'Паспорт597'),
    (229, 41, 'Имя598', 'Паспорт598'),
    (204, 41, 'Имя599', 'Паспорт599'),
    (168, 4, 'Имя600', 'Паспорт600'),
    (115, 17, 'Имя601', 'Паспорт601'),
    (179, 9, 'Имя602', 'Паспорт602'),
    (178, 19, 'Имя603', 'Паспорт603'),
    (62, 21, 'Имя604', 'Паспорт604'),
    (26, 18, 'Имя605', 'Паспорт605'),
    (94, 6, 'Имя606', 'Паспорт606'),
    (152, 20, 'Имя607', 'Паспорт607'),
    (183, 36, 'Имя608', 'Паспорт608'),
    (56, 5, 'Имя609', 'Паспорт609'),
    (203, 41, 'Имя610', 'Паспорт610'),
    (54, 35, 'Имя611', 'Паспорт611'),
    (159, 12, 'Имя612', 'Паспорт612'),
    (46, 44, 'Имя613', 'Паспорт613'),
    (48, 30, 'Имя614', 'Паспорт614'),
    (201, 24, 'Имя615', 'Паспорт615'),
    (42, 47, 'Имя616', 'Паспорт616'),
    (5, 34, 'Имя617', 'Паспорт617'),
    (26, 52, 'Имя618', 'Паспорт618'),
    (174, 12, 'Имя619', 'Паспорт619'),
    (245, 2, 'Имя620', 'Паспорт620'),
    (40, 45, 'Имя621', 'Паспорт621'),
    (170, 33, 'Имя622', 'Паспорт622'),
    (70, 40, 'Имя623', 'Паспорт623'),
    (44, 14, 'Имя624', 'Паспорт624'),
    (204, 14, 'Имя625', 'Паспорт625'),
    (137, 39, 'Имя626', 'Паспорт626'),
    (242, 47, 'Имя627', 'Паспорт627'),
    (211, 42, 'Имя628', 'Паспорт628'),
    (167, 27, 'Имя629', 'Паспорт629'),
    (240, 46, 'Имя630', 'Паспорт630'),
    (37, 36, 'Имя631', 'Паспорт631'),
    (143, 35, 'Имя632', 'Паспорт632'),
    (40, 26, 'Имя633', 'Паспорт633'),
    (19, 51, 'Имя634', 'Паспорт634'),
    (65, 39, 'Имя635', 'Паспорт635'),
    (246, 2, 'Имя636', 'Паспорт636'),
    (24, 42, 'Имя637', 'Паспорт637'),
    (154, 20, 'Имя638', 'Паспорт638'),
    (247, 2, 'Имя639', 'Паспорт639'),
    (232, 23, 'Имя640', 'Паспорт640'),
    (164, 50, 'Имя641', 'Паспорт641'),
    (188, 30, 'Имя642', 'Паспорт642'),
    (227, 23, 'Имя643', 'Паспорт643'),
    (233, 8, 'Имя644', 'Паспорт644'),
    (198, 17, 'Имя645', 'Паспорт645'),
    (83, 11, 'Имя646', 'Паспорт646'),
    (63, 7, 'Имя647', 'Паспорт647'),
    (218, 26, 'Имя648', 'Паспорт648'),
    (69, 3, 'Имя649', 'Паспорт649'),
    (117, 43, 'Имя650', 'Паспорт650'),
    (171, 12, 'Имя651', 'Паспорт651'),
    (248, 6, 'Имя652', 'Паспорт652'),
    (64, 29, 'Имя653', 'Паспорт653'),
    (162, 10, 'Имя654', 'Паспорт654'),
    (72, 26, 'Имя655', 'Паспорт655'),
    (201, 35, 'Имя656', 'Паспорт656'),
    (145, 29, 'Имя657', 'Паспорт657'),
    (56, 12, 'Имя658', 'Паспорт658'),
    (233, 2, 'Имя659', 'Паспорт659'),
    (187, 39, 'Имя660', 'Паспорт660'),
    (136, 50, 'Имя661', 'Паспорт661'),
    (47, 50, 'Имя662', 'Паспорт662'),
    (101, 42, 'Имя663', 'Паспорт663'),
    (191, 52, 'Имя664', 'Паспорт664'),
    (232, 9, 'Имя665', 'Паспорт665'),
    (24, 51, 'Имя666', 'Паспорт666'),
    (138, 8, 'Имя667', 'Паспорт667'),
    (187, 25, 'Имя668', 'Паспорт668'),
    (239, 36, 'Имя669', 'Паспорт669'),
    (78, 21, 'Имя670', 'Паспорт670'),
    (194, 40, 'Имя671', 'Паспорт671'),
    (208, 18, 'Имя672', 'Паспорт672'),
    (127, 36, 'Имя673', 'Паспорт673'),
    (153, 38, 'Имя674', 'Паспорт674'),
    (219, 35, 'Имя675', 'Паспорт675'),
    (137, 15, 'Имя676', 'Паспорт676'),
    (70, 39, 'Имя677', 'Паспорт677'),
    (66, 38, 'Имя678', 'Паспорт678'),
    (3, 4, 'Имя679', 'Паспорт679'),
    (170, 25, 'Имя680', 'Паспорт680'),
    (193, 35, 'Имя681', 'Паспорт681'),
    (62, 9, 'Имя682', 'Паспорт682'),
    (95, 44, 'Имя683', 'Паспорт683'),
    (26, 25, 'Имя684', 'Паспорт684'),
    (196, 41, 'Имя685', 'Паспорт685'),
    (63, 15, 'Имя686', 'Паспорт686'),
    (174, 21, 'Имя687', 'Паспорт687'),
    (240, 41, 'Имя688', 'Паспорт688'),
    (32, 46, 'Имя689', 'Паспорт689'),
    (110, 38, 'Имя690', 'Паспорт690'),
    (46, 4, 'Имя691', 'Паспорт691'),
    (31, 15, 'Имя692', 'Паспорт692'),
    (148, 44, 'Имя693', 'Паспорт693'),
    (172, 43, 'Имя694', 'Паспорт694'),
    (216, 3, 'Имя695', 'Паспорт695'),
    (112, 48, 'Имя696', 'Паспорт696'),
    (248, 45, 'Имя697', 'Паспорт697'),
    (152, 8, 'Имя698', 'Паспорт698'),
    (128, 36, 'Имя699', 'Паспорт699'),
    (236, 36, 'Имя700', 'Паспорт700'),
    (145, 9, 'Имя701', 'Паспорт701'),
    (234, 7, 'Имя702', 'Паспорт702'),
    (104, 16, 'Имя703', 'Паспорт703'),
    (144, 48, 'Имя704', 'Паспорт704'),
    (194, 26, 'Имя705', 'Паспорт705'),
    (149, 9, 'Имя706', 'Паспорт706'),
    (152, 50, 'Имя707', 'Паспорт707'),
    (71, 38, 'Имя708', 'Паспорт708'),
    (133, 52, 'Имя709', 'Паспорт709'),
    (140, 30, 'Имя710', 'Паспорт710'),
    (38, 16, 'Имя711', 'Паспорт711'),
    (149, 40, 'Имя712', 'Паспорт712'),
    (80, 19, 'Имя713', 'Паспорт713'),
    (67, 45, 'Имя714', 'Паспорт714'),
    (193, 44, 'Имя715', 'Паспорт715'),
    (69, 24, 'Имя716', 'Паспорт716'),
    (232, 41, 'Имя717', 'Паспорт717'),
    (36, 3, 'Имя718', 'Паспорт718'),
    (28, 2, 'Имя719', 'Паспорт719'),
    (212, 17, 'Имя720', 'Паспорт720'),
    (64, 42, 'Имя721', 'Паспорт721'),
    (12, 21, 'Имя722', 'Паспорт722'),
    (108, 17, 'Имя723', 'Паспорт723'),
    (76, 3, 'Имя724', 'Паспорт724'),
    (143, 46, 'Имя725', 'Паспорт725'),
    (149, 28, 'Имя726', 'Паспорт726'),
    (31, 22, 'Имя727', 'Паспорт727'),
    (130, 17, 'Имя728', 'Паспорт728'),
    (141, 10, 'Имя729', 'Паспорт729'),
    (198, 5, 'Имя730', 'Паспорт730'),
    (6, 39, 'Имя731', 'Паспорт731'),
    (34, 49, 'Имя732', 'Паспорт732'),
    (52, 9, 'Имя733', 'Паспорт733'),
    (55, 44, 'Имя734', 'Паспорт734'),
    (204, 14, 'Имя735', 'Паспорт735'),
    (154, 28, 'Имя736', 'Паспорт736'),
    (37, 14, 'Имя737', 'Паспорт737'),
    (74, 20, 'Имя738', 'Паспорт738'),
    (60, 12, 'Имя739', 'Паспорт739'),
    (83, 2, 'Имя740', 'Паспорт740'),
    (11, 13, 'Имя741', 'Паспорт741'),
    (69, 47, 'Имя742', 'Паспорт742'),
    (61, 40, 'Имя743', 'Паспорт743'),
    (81, 29, 'Имя744', 'Паспорт744'),
    (64, 45, 'Имя745', 'Паспорт745'),
    (116, 49, 'Имя746', 'Паспорт746'),
    (56, 41, 'Имя747', 'Паспорт747'),
    (71, 28, 'Имя748', 'Паспорт748'),
    (163, 7, 'Имя749', 'Паспорт749'),
    (45, 16, 'Имя750', 'Паспорт750'),
    (22, 25, 'Имя751', 'Паспорт751'),
    (55, 18, 'Имя752', 'Паспорт752'),
    (67, 5, 'Имя753', 'Паспорт753'),
    (95, 46, 'Имя754', 'Паспорт754'),
    (25, 9, 'Имя755', 'Паспорт755'),
    (14, 20, 'Имя756', 'Паспорт756'),
    (212, 41, 'Имя757', 'Паспорт757'),
    (8, 42, 'Имя758', 'Паспорт758'),
    (114, 14, 'Имя759', 'Паспорт759'),
    (175, 25, 'Имя760', 'Паспорт760'),
    (208, 36, 'Имя761', 'Паспорт761'),
    (146, 51, 'Имя762', 'Паспорт762'),
    (199, 36, 'Имя763', 'Паспорт763'),
    (75, 20, 'Имя764', 'Паспорт764'),
    (243, 41, 'Имя765', 'Паспорт765'),
    (179, 8, 'Имя766', 'Паспорт766'),
    (9, 4, 'Имя767', 'Паспорт767'),
    (232, 31, 'Имя768', 'Паспорт768'),
    (4, 50, 'Имя769', 'Паспорт769'),
    (157, 10, 'Имя770', 'Паспорт770'),
    (94, 25, 'Имя771', 'Паспорт771'),
    (110, 7, 'Имя772', 'Паспорт772'),
    (199, 7, 'Имя773', 'Паспорт773'),
    (22, 24, 'Имя774', 'Паспорт774'),
    (186, 27, 'Имя775', 'Паспорт775'),
    (17, 22, 'Имя776', 'Паспорт776'),
    (103, 38, 'Имя777', 'Паспорт777'),
    (113, 22, 'Имя778', 'Паспорт778'),
    (221, 14, 'Имя779', 'Паспорт779'),
    (131, 31, 'Имя780', 'Паспорт780'),
    (195, 2, 'Имя781', 'Паспорт781'),
    (225, 18, 'Имя782', 'Паспорт782'),
    (109, 49, 'Имя783', 'Паспорт783'),
    (81, 42, 'Имя784', 'Паспорт784'),
    (212, 25, 'Имя785', 'Паспорт785'),
    (194, 27, 'Имя786', 'Паспорт786'),
    (155, 29, 'Имя787', 'Паспорт787'),
    (21, 21, 'Имя788', 'Паспорт788'),
    (62, 26, 'Имя789', 'Паспорт789'),
    (44, 36, 'Имя790', 'Паспорт790'),
    (150, 45, 'Имя791', 'Паспорт791'),
    (158, 26, 'Имя792', 'Паспорт792'),
    (176, 17, 'Имя793', 'Паспорт793'),
    (182, 17, 'Имя794', 'Паспорт794'),
    (151, 28, 'Имя795', 'Паспорт795'),
    (173, 40, 'Имя796', 'Паспорт796'),
    (109, 4, 'Имя797', 'Паспорт797'),
    (98, 20, 'Имя798', 'Паспорт798'),
    (139, 7, 'Имя799', 'Паспорт799'),
    (168, 46, 'Имя800', 'Паспорт800'),
    (197, 16, 'Имя801', 'Паспорт801'),
    (150, 16, 'Имя802', 'Паспорт802'),
    (180, 31, 'Имя803', 'Паспорт803'),
    (197, 46, 'Имя804', 'Паспорт804'),
    (160, 5, 'Имя805', 'Паспорт805'),
    (40, 22, 'Имя806', 'Паспорт806'),
    (20, 44, 'Имя807', 'Паспорт807'),
    (247, 49, 'Имя808', 'Паспорт808'),
    (94, 23, 'Имя809', 'Паспорт809'),
    (156, 8, 'Имя810', 'Паспорт810'),
    (50, 2, 'Имя811', 'Паспорт811'),
    (49, 18, 'Имя812', 'Паспорт812'),
    (192, 2, 'Имя813', 'Паспорт813'),
    (16, 31, 'Имя814', 'Паспорт814'),
    (35, 38, 'Имя815', 'Паспорт815'),
    (207, 8, 'Имя816', 'Паспорт816'),
    (203, 17, 'Имя817', 'Паспорт817'),
    (224, 17, 'Имя818', 'Паспорт818'),
    (63, 19, 'Имя819', 'Паспорт819'),
    (190, 8, 'Имя820', 'Паспорт820'),
    (131, 45, 'Имя821', 'Паспорт821'),
    (169, 29, 'Имя822', 'Паспорт822'),
    (92, 16, 'Имя823', 'Паспорт823'),
    (171, 32, 'Имя824', 'Паспорт824'),
    (15, 25, 'Имя825', 'Паспорт825'),
    (249, 8, 'Имя826', 'Паспорт826'),
    (123, 29, 'Имя827', 'Паспорт827'),
    (169, 41, 'Имя828', 'Паспорт828'),
    (24, 15, 'Имя829', 'Паспорт829'),
    (131, 37, 'Имя830', 'Паспорт830'),
    (128, 12, 'Имя831', 'Паспорт831'),
    (185, 48, 'Имя832', 'Паспорт832'),
    (62, 3, 'Имя833', 'Паспорт833'),
    (150, 41, 'Имя834', 'Паспорт834'),
    (236, 36, 'Имя835', 'Паспорт835'),
    (169, 3, 'Имя836', 'Паспорт836'),
    (167, 26, 'Имя837', 'Паспорт837'),
    (152, 19, 'Имя838', 'Паспорт838'),
    (85, 35, 'Имя839', 'Паспорт839'),
    (240, 26, 'Имя840', 'Паспорт840'),
    (84, 25, 'Имя841', 'Паспорт841'),
    (130, 36, 'Имя842', 'Паспорт842'),
    (182, 37, 'Имя843', 'Паспорт843'),
    (162, 15, 'Имя844', 'Паспорт844'),
    (157, 8, 'Имя845', 'Паспорт845'),
    (53, 51, 'Имя846', 'Паспорт846'),
    (206, 4, 'Имя847', 'Паспорт847'),
    (157, 17, 'Имя848', 'Паспорт848'),
    (27, 40, 'Имя849', 'Паспорт849'),
    (72, 19, 'Имя850', 'Паспорт850'),
    (172, 48, 'Имя851', 'Паспорт851'),
    (164, 21, 'Имя852', 'Паспорт852'),
    (197, 51, 'Имя853', 'Паспорт853'),
    (117, 2, 'Имя854', 'Паспорт854'),
    (235, 18, 'Имя855', 'Паспорт855'),
    (111, 23, 'Имя856', 'Паспорт856'),
    (79, 4, 'Имя857', 'Паспорт857'),
    (93, 4, 'Имя858', 'Паспорт858'),
    (174, 5, 'Имя859', 'Паспорт859'),
    (50, 29, 'Имя860', 'Паспорт860'),
    (94, 18, 'Имя861', 'Паспорт861'),
    (38, 44, 'Имя862', 'Паспорт862'),
    (117, 37, 'Имя863', 'Паспорт863'),
    (53, 33, 'Имя864', 'Паспорт864'),
    (217, 17, 'Имя865', 'Паспорт865'),
    (61, 31, 'Имя866', 'Паспорт866'),
    (95, 33, 'Имя867', 'Паспорт867'),
    (199, 23, 'Имя868', 'Паспорт868'),
    (204, 8, 'Имя869', 'Паспорт869'),
    (223, 40, 'Имя870', 'Паспорт870'),
    (58, 34, 'Имя871', 'Паспорт871'),
    (82, 17, 'Имя872', 'Паспорт872'),
    (170, 41, 'Имя873', 'Паспорт873'),
    (166, 41, 'Имя874', 'Паспорт874'),
    (171, 31, 'Имя875', 'Паспорт875'),
    (154, 4, 'Имя876', 'Паспорт876'),
    (140, 39, 'Имя877', 'Паспорт877'),
    (242, 20, 'Имя878', 'Паспорт878'),
    (190, 44, 'Имя879', 'Паспорт879'),
    (230, 6, 'Имя880', 'Паспорт880'),
    (188, 45, 'Имя881', 'Паспорт881'),
    (35, 34, 'Имя882', 'Паспорт882'),
    (21, 45, 'Имя883', 'Паспорт883'),
    (13, 37, 'Имя884', 'Паспорт884'),
    (63, 50, 'Имя885', 'Паспорт885'),
    (58, 30, 'Имя886', 'Паспорт886'),
    (43, 24, 'Имя887', 'Паспорт887'),
    (80, 39, 'Имя888', 'Паспорт888'),
    (2, 45, 'Имя889', 'Паспорт889'),
    (38, 36, 'Имя890', 'Паспорт890'),
    (10, 23, 'Имя891', 'Паспорт891'),
    (233, 16, 'Имя892', 'Паспорт892'),
    (172, 12, 'Имя893', 'Паспорт893'),
    (7, 34, 'Имя894', 'Паспорт894'),
    (163, 24, 'Имя895', 'Паспорт895'),
    (168, 52, 'Имя896', 'Паспорт896'),
    (55, 42, 'Имя897', 'Паспорт897'),
    (3, 21, 'Имя898', 'Паспорт898'),
    (127, 37, 'Имя899', 'Паспорт899'),
    (56, 43, 'Имя900', 'Паспорт900'),
    (183, 51, 'Имя901', 'Паспорт901'),
    (133, 39, 'Имя902', 'Паспорт902'),
    (88, 4, 'Имя903', 'Паспорт903'),
    (219, 8, 'Имя904', 'Паспорт904'),
    (105, 14, 'Имя905', 'Паспорт905'),
    (87, 48, 'Имя906', 'Паспорт906'),
    (170, 13, 'Имя907', 'Паспорт907'),
    (13, 18, 'Имя908', 'Паспорт908'),
    (232, 45, 'Имя909', 'Паспорт909'),
    (239, 47, 'Имя910', 'Паспорт910'),
    (208, 22, 'Имя911', 'Паспорт911'),
    (13, 43, 'Имя912', 'Паспорт912'),
    (69, 14, 'Имя913', 'Паспорт913'),
    (86, 20, 'Имя914', 'Паспорт914'),
    (106, 50, 'Имя915', 'Паспорт915'),
    (56, 18, 'Имя916', 'Паспорт916'),
    (156, 18, 'Имя917', 'Паспорт917'),
    (239, 5, 'Имя918', 'Паспорт918'),
    (225, 11, 'Имя919', 'Паспорт919'),
    (234, 34, 'Имя920', 'Паспорт920'),
    (81, 48, 'Имя921', 'Паспорт921'),
    (56, 22, 'Имя922', 'Паспорт922'),
    (23, 40, 'Имя923', 'Паспорт923'),
    (78, 52, 'Имя924', 'Паспорт924'),
    (188, 37, 'Имя925', 'Паспорт925'),
    (113, 35, 'Имя926', 'Паспорт926'),
    (184, 19, 'Имя927', 'Паспорт927'),
    (247, 18, 'Имя928', 'Паспорт928'),
    (228, 38, 'Имя929', 'Паспорт929'),
    (116, 7, 'Имя930', 'Паспорт930'),
    (177, 27, 'Имя931', 'Паспорт931'),
    (176, 26, 'Имя932', 'Паспорт932'),
    (4, 3, 'Имя933', 'Паспорт933'),
    (73, 19, 'Имя934', 'Паспорт934'),
    (70, 51, 'Имя935', 'Паспорт935'),
    (106, 39, 'Имя936', 'Паспорт936'),
    (230, 18, 'Имя937', 'Паспорт937'),
    (140, 49, 'Имя938', 'Паспорт938'),
    (47, 34, 'Имя939', 'Паспорт939'),
    (181, 28, 'Имя940', 'Паспорт940'),
    (234, 20, 'Имя941', 'Паспорт941'),
    (155, 39, 'Имя942', 'Паспорт942'),
    (123, 30, 'Имя943', 'Паспорт943'),
    (147, 16, 'Имя944', 'Паспорт944'),
    (87, 34, 'Имя945', 'Паспорт945'),
    (41, 11, 'Имя946', 'Паспорт946'),
    (183, 44, 'Имя947', 'Паспорт947'),
    (232, 43, 'Имя948', 'Паспорт948'),
    (51, 39, 'Имя949', 'Паспорт949'),
    (100, 5, 'Имя950', 'Паспорт950'),
    (118, 51, 'Имя951', 'Паспорт951'),
    (177, 41, 'Имя952', 'Паспорт952'),
    (67, 38, 'Имя953', 'Паспорт953'),
    (184, 23, 'Имя954', 'Паспорт954'),
    (196, 4, 'Имя955', 'Паспорт955'),
    (34, 15, 'Имя956', 'Паспорт956'),
    (250, 50, 'Имя957', 'Паспорт957'),
    (43, 19, 'Имя958', 'Паспорт958'),
    (223, 51, 'Имя959', 'Паспорт959'),
    (247, 24, 'Имя960', 'Паспорт960'),
    (112, 2, 'Имя961', 'Паспорт961'),
    (250, 35, 'Имя962', 'Паспорт962'),
    (205, 14, 'Имя963', 'Паспорт963'),
    (1, 6, 'Имя964', 'Паспорт964'),
    (99, 39, 'Имя965', 'Паспорт965'),
    (182, 24, 'Имя966', 'Паспорт966'),
    (61, 35, 'Имя967', 'Паспорт967'),
    (11, 51, 'Имя968', 'Паспорт968'),
    (164, 45, 'Имя969', 'Паспорт969'),
    (117, 41, 'Имя970', 'Паспорт970'),
    (209, 10, 'Имя971', 'Паспорт971'),
    (126, 16, 'Имя972', 'Паспорт972'),
    (125, 47, 'Имя973', 'Паспорт973'),
    (46, 41, 'Имя974', 'Паспорт974'),
    (165, 31, 'Имя975', 'Паспорт975'),
    (232, 13, 'Имя976', 'Паспорт976'),
    (190, 50, 'Имя977', 'Паспорт977'),
    (155, 25, 'Имя978', 'Паспорт978'),
    (243, 4, 'Имя979', 'Паспорт979'),
    (240, 3, 'Имя980', 'Паспорт980'),
    (180, 34, 'Имя981', 'Паспорт981'),
    (6, 3, 'Имя982', 'Паспорт982'),
    (83, 37, 'Имя983', 'Паспорт983'),
    (8, 19, 'Имя984', 'Паспорт984'),
    (227, 12, 'Имя985', 'Паспорт985'),
    (174, 4, 'Имя986', 'Паспорт986'),
    (127, 13, 'Имя987', 'Паспорт987'),
    (154, 15, 'Имя988', 'Паспорт988'),
    (127, 38, 'Имя989', 'Паспорт989'),
    (38, 49, 'Имя990', 'Паспорт990'),
    (15, 13, 'Имя991', 'Паспорт991'),
    (108, 43, 'Имя992', 'Паспорт992'),
    (204, 27, 'Имя993', 'Паспорт993'),
    (172, 16, 'Имя994', 'Паспорт994'),
    (11, 31, 'Имя995', 'Паспорт995'),
    (250, 32, 'Имя996', 'Паспорт996'),
    (222, 24, 'Имя997', 'Паспорт997'),
    (14, 11, 'Имя998', 'Паспорт998'),
    (38, 25, 'Имя999', 'Паспорт999'),
    (240, 43, 'Имя1000', 'Паспорт1000');
